255 255 255 255 255 255 255 255 255 255 255 255 255 255 255 255
255 164 153 153 153 255 255 255 255 255 255 153 153 153 164 255
255 153   0   0  51 255 255 255 255 255 255  51   0   0 153 255
255 153   0   0  51 255 255 255 255 255 255  51   0   0 153 255
255 153  51  51  47 204 204 204 204 204 204  47  51  51 153 255
255 255 255 255 204   0   0   0   0   0   0 204 255 255 255 255
255 255 255 255 204   0   0   0   0   0   0 204 255 255 255 255
255 255 255 255 204   0   0   0   0   0   0 204 255 255 255 255
255 153   0   0  51 255 255 255   0   0   0  41   0   0 153 255
255 153   0   0  51 255 255 255   0   0   0  41   0   0 153 255
255 153   0   0  51 255 255 255   0   0   0  41   0   0 153 255
255 129  41  41  41 255 255 255  41  41  41 151 204 204 215 255
255 153   0   0  51 255 255 255   0   0   0 204 255 255 255 255
255 153   0   0  51 255 255 255   0   0   0 204 255 255 255 255
255 164 153 153 153 255 255 255 153 153 153 215 255 255 255 255
255 255 255 255 255 255 255 255 255 255 255 255 255 255 255 255
255 255 255 255 255 255 255 255 255 255 255 255 255 255 255 255
255 164 153 153 153 255 255 255 255 255 255 153 153 153 164 255
255 153   0   0  51 255 255 255 255 255 255  51   0   0 153 255
255 153   0   0  51 255 255 255 255 255 255  51   0   0 153 255
255 153  51  51  47 204 204 204 204 204 204  47  51  51 153 255
255 255 255 255 204   0   0   0   0   0   0 204 255 255 255 255
255 255 255 255 204   0   0   0   0   0   0 204 255 255 255 255
255 255 255 255 204   0   0   0   0   0   0 204 255 255 255 255
255 153   0   0  51 255 255 255   0   0   0  41   0   0 153 255
255 153   0   0  51 255 255 255   0   0   0  41   0   0 153 255
255 153   0   0  51 255 255 255   0   0   0  41   0   0 153 255
255 129  41  41  41 255 255 255  41  41  41 151 204 204 215 255
255 153   0   0  51 255 255 255   0   0   0 204 255 255 255 255
255 153   0   0  51 255 255 255   0   0   0 204 255 255 255 255
255 164 153 153 153 255 255 255 153 153 153 215 255 255 255 255
255 255 255 255 255 255 255 255 255 255 255 255 255 255 255 255
255 255 255 255 255 255 255 255 255 255 255 255 255 255 255 255
255 164 153 153 153 255 255 255 255 255 255 153 153 153 164 255
255 153   0   0  51 255 255 255 255 255 255  51   0   0 153 255
255 153   0   0  51 255 255 255 255 255 255  51   0   0 153 255
255 153  51  51  47 204 204 204 204 204 204  47  51  51 153 255
255 255 255 255 204   0   0   0   0   0   0 204 255 255 255 255
255 255 255 255 204   0   0   0   0   0   0 204 255 255 255 255
255 255 255 255 204   0   0   0   0   0   0 204 255 255 255 255
255 153   0   0  51 255 255 255   0   0   0  41   0   0 153 255
255 153   0   0  51 255 255 255   0   0   0  41   0   0 153 255
255 153   0   0  51 255 255 255   0   0   0  41   0   0 153 255
255 129  41  41  41 255 255 255  41  41  41 151 204 204 215 255
255 153   0   0  51 255 255 255   0   0   0 204 255 255 255 255
255 153   0   0  51 255 255 255   0   0   0 204 255 255 255 255
255 164 153 153 153 255 255 255 153 153 153 215 255 255 255 255
255 255 255 255 255 255 255 255 255 255 255 255 255 255 255 255

255 255 255 255 255 255 255 255 255 255 255 255 255 255 255 255
255 164 153 153 153 255 255 255 153 153 153 215 255 255 255 255
255 153   0   0  51 255 255 255   0   0   0 204 255 255 255 255
255 153   0   0  51 255 255 255   0   0   0 204 255 255 255 255
255 153  51  51  47 204 204 204  41  41  41 151 204 204 215 255
255 255 255 255 204   0   0   0   0   0   0  41   0   0 153 255
255 255 255 255 204   0   0   0   0   0   0  41   0   0 153 255
255 255 255 255 204   0   0   0   0   0   0  41   0   0 153 255
255 255 255 255 204   0   0   0 255 255 255 255 255 255 255 255
255 255 255 255 204   0   0   0 255 255 255 255 255 255 255 255
255 255 255 255 204   0   0   0 255 255 255 255 255 255 255 255
255 153  51  51  47 204 204 204  51  51  51  41  51  51 153 255
255 153   0   0  51 255 255 255   0   0   0  41   0   0 153 255
255 153   0   0  51 255 255 255   0   0   0  41   0   0 153 255
255 164 153 153 153 255 255 255 153 153 153 129 153 153 164 255
255 255 255 255 255 255 255 255 255 255 255 255 255 255 255 255
255 255 255 255 255 255 255 255 255 255 255 255 255 255 255 255
255 164 153 153 153 255 255 255 153 153 153 215 255 255 255 255
255 153   0   0  51 255 255 255   0   0   0 204 255 255 255 255
255 153   0   0  51 255 255 255   0   0   0 204 255 255 255 255
255 153  51  51  47 204 204 204  41  41  41 151 204 204 215 255
255 255 255 255 204   0   0   0   0   0   0  41   0   0 153 255
255 255 255 255 204   0   0   0   0   0   0  41   0   0 153 255
255 255 255 255 204   0   0   0   0   0   0  41   0   0 153 255
255 255 255 255 204   0   0   0 255 255 255 255 255 255 255 255
255 255 255 255 204   0   0   0 255 255 255 255 255 255 255 255
255 255 255 255 204   0   0   0 255 255 255 255 255 255 255 255
255 153  51  51  47 204 204 204  51  51  51  41  51  51 153 255
255 153   0   0  51 255 255 255   0   0   0  41   0   0 153 255
255 153   0   0  51 255 255 255   0   0   0  41   0   0 153 255
255 164 153 153 153 255 255 255 153 153 153 129 153 153 164 255
255 255 255 255 255 255 255 255 255 255 255 255 255 255 255 255
255 255 255 255 255 255 255 255 255 255 255 255 255 255 255 255
255 164 153 153 153 255 255 255 153 153 153 215 255 255 255 255
255 153   0   0  51 255 255 255   0   0   0 204 255 255 255 255
255 153   0   0  51 255 255 255   0   0   0 204 255 255 255 255
255 153  51  51  47 204 204 204  41  41  41 151 204 204 215 255
255 255 255 255 204   0   0   0   0   0   0  41   0   0 153 255
255 255 255 255 204   0   0   0   0   0   0  41   0   0 153 255
255 255 255 255 204   0   0   0   0   0   0  41   0   0 153 255
255 255 255 255 204   0   0   0 255 255 255 255 255 255 255 255
255 255 255 255 204   0   0   0 255 255 255 255 255 255 255 255
255 255 255 255 204   0   0   0 255 255 255 255 255 255 255 255
255 153  51  51  47 204 204 204  51  51  51  41  51  51 153 255
255 153   0   0  51 255 255 255   0   0   0  41   0   0 153 255
255 153   0   0  51 255 255 255   0   0   0  41   0   0 153 255
255 164 153 153 153 255 255 255 153 153 153 129 153 153 164 255
255 255 255 255 255 255 255 255 255 255 255 255 255 255 255 255

255 255 255 255 255 255 255 255 255 255 255 255 255 255 255 255
255 255 255 255 235 153 153 153 255 255 255 174 153 153 215 255
255 255 255 255 204   0   0   0 255 255 255  50   0   0 153 255
255 255 255 255 204   0   0   0 255 255 255  50   0   0 153 255
255 235 204 204 173  40  40  40 255 255 255  77  40  40 160 255
255 153   0   0  40   0   0   0 255 255 255  50   0   0 153 255
255 153   0   0  40   0   0   0 255 255 255  50   0   0 153 255
255 153   0   0  40   0   0   0 255 255 255  50   0   0 153 255
255 255 255 255 204   0   0   0   0   0   0 204 255 255 255 255
255 255 255 255 204   0   0   0   0   0   0 204 255 255 255 255
255 255 255 255 204   0   0   0   0   0   0 204 255 255 255 255
255 174  50  50  87 204 204 204 204 204 204  87  50  50 174 255
255 153   0   0  50 255 255 255 255 255 255  50   0   0 153 255
255 153   0   0  50 255 255 255 255 255 255  50   0   0 153 255
255 215 153 153 174 255 255 255 255 255 255 174 153 153 215 255
255 255 255 255 255 255 255 255 255 255 255 255 255 255 255 255
255 255 255 255 255 255 255 255 255 255 255 255 255 255 255 255
255 255 255 255 235 153 153 153 255 255 255 174 153 153 215 255
255 255 255 255 204   0   0   0 255 255 255  50   0   0 153 255
255 255 255 255 204   0   0   0 255 255 255  50   0   0 153 255
255 235 204 204 173  40  40  40 255 255 255  77  40  40 160 255
255 153   0   0  40   0   0   0 255 255 255  50   0   0 153 255
255 153   0   0  40   0   0   0 255 255 255  50   0   0 153 255
255 153   0   0  40   0   0   0 255 255 255  50   0   0 153 255
255 255 255 255 204   0   0   0   0   0   0 204 255 255 255 255
255 255 255 255 204   0   0   0   0   0   0 204 255 255 255 255
255 255 255 255 204   0   0   0   0   0   0 204 255 255 255 255
255 174  50  50  87 204 204 204 204 204 204  87  50  50 174 255
255 153   0   0  50 255 255 255 255 255 255  50   0   0 153 255
255 153   0   0  50 255 255 255 255 255 255  50   0   0 153 255
255 215 153 153 174 255 255 255 255 255 255 174 153 153 215 255
255 255 255 255 255 255 255 255 255 255 255 255 255 255 255 255
255 255 255 255 255 255 255 255 255 255 255 255 255 255 255 255
255 255 255 255 235 153 153 153 255 255 255 174 153 153 215 255
255 255 255 255 204   0   0   0 255 255 255  50   0   0 153 255
255 255 255 255 204   0   0   0 255 255 255  50   0   0 153 255
255 235 204 204 173  40  40  40 255 255 255  77  40  40 160 255
255 153   0   0  40   0   0   0 255 255 255  50   0   0 153 255
255 153   0   0  40   0   0   0 255 255 255  50   0   0 153 255
255 153   0   0  40   0   0   0 255 255 255  50   0   0 153 255
255 255 255 255 204   0   0   0   0   0   0 204 255 255 255 255
255 255 255 255 204   0   0   0   0   0   0 204 255 255 255 255
255 255 255 255 204   0   0   0   0   0   0 204 255 255 255 255
255 174  50  50  87 204 204 204 204 204 204  87  50  50 174 255
255 153   0   0  50 255 255 255 255 255 255  50   0   0 153 255
255 153   0   0  50 255 255 255 255 255 255  50   0   0 153 255
255 215 153 153 174 255 255 255 255 255 255 174 153 153 215 255
255 255 255 255 255 255 255 255 255 255 255 255 255 255 255 255

255 255 255 255 255 255 255 255 255 255 255 255 255 255 255 255
255 215 153 153 160 153 153 153 255 255 255 174 153 153 215 255
255 153   0   0  40   0   0   0 255 255 255  50   0   0 153 255
255 153   0   0  40   0   0   0 255 255 255  50   0   0 153 255
255 174  50  50  77  50  50  50 204 204 204  87  50  50 174 255
255 255 255 255 255 255 255 255   0   0   0 204 255 255 255 255
255 255 255 255 255 255 255 255   0   0   0 204 255 255 255 255
255 255 255 255 255 255 255 255   0   0   0 204 255 255 255 255
255 153   0   0  40   0   0   0   0   0   0 204 255 255 255 255
255 153   0   0  40   0   0   0   0   0   0 204 255 255 255 255
255 153   0   0  40   0   0   0   0   0   0 204 255 255 255 255
255 235 204 204 173  40  40  40 204 204 204  87  50  50 174 255
255 255 255 255 204   0   0   0 255 255 255  50   0   0 153 255
255 255 255 255 204   0   0   0 255 255 255  50   0   0 153 255
255 255 255 255 235 153 153 153 255 255 255 174 153 153 215 255
255 255 255 255 255 255 255 255 255 255 255 255 255 255 255 255
255 255 255 255 255 255 255 255 255 255 255 255 255 255 255 255
255 215 153 153 160 153 153 153 255 255 255 174 153 153 215 255
255 153   0   0  40   0   0   0 255 255 255  50   0   0 153 255
255 153   0   0  40   0   0   0 255 255 255  50   0   0 153 255
255 174  50  50  77  50  50  50 204 204 204  87  50  50 174 255
255 255 255 255 255 255 255 255   0   0   0 204 255 255 255 255
255 255 255 255 255 255 255 255   0   0   0 204 255 255 255 255
255 255 255 255 255 255 255 255   0   0   0 204 255 255 255 255
255 153   0   0  40   0   0   0   0   0   0 204 255 255 255 255
255 153   0   0  40   0   0   0   0   0   0 204 255 255 255 255
255 153   0   0  40   0   0   0   0   0   0 204 255 255 255 255
255 235 204 204 173  40  40  40 204 204 204  87  50  50 174 255
255 255 255 255 204   0   0   0 255 255 255  50   0   0 153 255
255 255 255 255 204   0   0   0 255 255 255  50   0   0 153 255
255 255 255 255 235 153 153 153 255 255 255 174 153 153 215 255
255 255 255 255 255 255 255 255 255 255 255 255 255 255 255 255
255 255 255 255 255 255 255 255 255 255 255 255 255 255 255 255
255 215 153 153 160 153 153 153 255 255 255 174 153 153 215 255
255 153   0   0  40   0   0   0 255 255 255  50   0   0 153 255
255 153   0   0  40   0   0   0 255 255 255  50   0   0 153 255
255 174  50  50  77  50  50  50 204 204 204  87  50  50 174 255
255 255 255 255 255 255 255 255   0   0   0 204 255 255 255 255
255 255 255 255 255 255 255 255   0   0   0 204 255 255 255 255
255 255 255 255 255 255 255 255   0   0   0 204 255 255 255 255
255 153   0   0  40   0   0   0   0   0   0 204 255 255 255 255
255 153   0   0  40   0   0   0   0   0   0 204 255 255 255 255
255 153   0   0  40   0   0   0   0   0   0 204 255 255 255 255
255 235 204 204 173  40  40  40 204 204 204  87  50  50 174 255
255 255 255 255 204   0   0   0 255 255 255  50   0   0 153 255
255 255 255 255 204   0   0   0 255 255 255  50   0   0 153 255
255 255 255 255 235 153 153 153 255 255 255 174 153 153 215 255
255 255 255 255 255 255 255 255 255 255 255 255 255 255 255 255
