WaterLevel Anchor: 38.912939589606665, -76.94241642951967
Mac: 38.91247104974667, -76.94200471043588
Lotus: 38.91233852232087, -76.94298371672632
Volunteers: 38.91257957595829, -76.94411292672157
Helen: 38.91317333662087, -76.94352954626085
Lily: 38.91340082181521, -76.94467082619668
1968: 38.91095479599299, -76.94939017295839
Cattail; 38.91195033032686, -76.94757029414178
BC2200: 38.91204842205269, -76.94950819015504